pal <- c("1" = "#169e73ff", "2" = "#e59d38ff", "3" = "#1573afff",
         "4" = "#f0e354ff", "5" = "#60b5e1ff", "6" = "black", "100" = "white")
