pal <- c("d1" = "#169e73ff", "d2" = "#e59d38ff", "d3" = "#1573afff",
         "d4" = "#f0e354ff", "d5" = "#60b5e1ff", "d6" = "black", "100" = "white",
         "db1a" = "#25d8a0ff", "db1b" = "#168a65ff",
         "db2a" = "#ffbd60ff", "db2b" = "#f29717ff", 
         "db3a" = "#1591dfff", "db3b" = "#005990ff",
         "db4a" = "#f0e354ff", "db4b" = "#e2d119ff",
         "db5" =  "#60b5e1ff", "db6" = "black")

# pal <- c("d1" = "#1573afff", "d5" = "#e59d38ff", "d3" = "#f0e354ff",
#          "d4" = "#169e73ff", "d2" = "#60b5e1ff", "d6" = "black", "100" = "white")
# f0e354ff - yellow
# 169e73ff - green
# 1573afff - dark blue
# e59d38ff - orange
# 60b5e1ff - light blue

# d5 - the smallest

alg_pal <- pal