

centromeres <- list(
  # fake D. pelanogaster for better visualization
  # flipped: none
  GCF_000001215.9 = list(
    NC_004353.4 = c(), # dot
    NC_004354.4 = c(20000000, 23097786), # X
    NT_033779.5 = c(21000000, 25000000),
    NT_037436.4 = c(28000000, 32000000)
  ),
  
  # D. melanogaster
  # flipped: none
  GCF_000001215.4 = list(
    NC_004353.4 = c(), # dot
    NC_004354.4 = c(20000000, 23097786), # X
    NT_033779.5 = c(21000000, 25000000),
    NT_037436.4 = c(28000000, 32000000)
  ),
  
  # B. dorsalis
  # flipped: 1,2,5 > c1 # new
  # flipped: 5 > c1 # old
  GCF_023373825.1 = list(
    #c1 = c(68721987,72242337),   # old chr6 pos 5
    c1 = c(53478106, 56998456),   # flipped
    c2 = c(68087510, 78050978),   # old chr1
    #c3 = c(44191285, 47030615),   # old chr2 pos 1
    c3 = c(51635658, 54474988),   # flipped
    #c4 = c(57308489, 68008738),   # old chr3 pos 2
    c4 = c(22361692, 33061941),   # flipped
    c5 = c(59225403, 66010094),   # old chr4
    c6 = c(34258598, 56875454)    # old chr5
  ),
  
  # B. pandia
  # flipped: 2,5 > OU696531.1, OU696530.1 # new
  # flipped: 1,5 > OU696533.1, OU696530.1 # old
  GCA_916048285.2 = list(
    OU696529.1 = c(82880035, 94090860),
    #OU696530.1 = c(62064680, 75178345),
    OU696530.1 = c(38179256, 51292921),
    #OU696531.1 = c(68676014, 77786097),
    OU696531.1 = c(33987013, 43097096), # flipped
    OU696532.1 = NULL,
    OU696533.1 = c(57540376, 68047747),
    OU696534.1 = NULL
  ),
  
  # Pherbina coryleti
  # flipped: 5 > OX030948.1 # new
  # flipped: 5 > OX030950.1, OX030952.1, OX030948.1 # old
  GCA_943735915.1 = list(
    #OX030948.1 = c(94460359, 134986254),
    OX030948.1 = c(64669518, 105195413), # flipped
    OX030949.1 = c(108362287, 126272581),
    OX030950.1 = c(76357331, 89267023),
    OX030951.1 = c(86086713, 103704457),
    OX030952.1 = c(44539675, 58051709),
    OX030953.1 = c(200853, 2912352)
  ),
  
  # Phyto melanocephala
  # flipped: 2,3,4 > OW799235.1, OW799234.1, OW799233.1
  # flipped: 1,3,4 > OW799237.1, OW799234.1, OW799233.1
  GCA_941918925.1 = list(
    #OW799233.1 = c(59521213, 78027807),
    OW799233.1 = c(107551188, 126057782), # flipped
    #OW799234.1 = c(27720101, 42230621),
    OW799234.1 = c(94820361, 109330881), # flipped
    OW799235.1 = c(41122629, 55030281),
    OW799236.1 = c(45933060, 62044654),
    #OW799237.1 = c(43220832, 57427679),
    OW799237.1 = c(61613034, 75819881), # flipped
    OW799238.1 = c(1304798, 4416235)
  ),
  
  # Pollenia amentaria
  # flipped: 2,3,4 > OX031009.1, OX031008.1, OX031006.1 # old
  # flipped: 1,3,4 > OX031010.1, OX031008.1, OX031006.1 # new
  GCA_943735925.1 = list(
    #OX031006.1 = c(106750087, 125258770),
    OX031006.1 = c(174885467, 193394150), # flipped
    OX031007.1 = c(90220578, 105624090),
    #OX031008.1 = c(45827093, 54932475),
    OX031008.1 = c(180422625, 189528007), # flipped
    OX031009.1 = c(61833755, 78642929),
    #OX031010.1 = c(70841411, 92053809),
    OX031010.1 = c(123993294, 145205692), # flipped
    OX031011.1 = c(11824998, 25554019)
  ),
  
  # Sarcophaga rosellei
  # flipped: 2,3,4 > OV884020.1, OV884018.1, OV884019.1 # old
  # flipped: 1,3,4 > OV884021.1, OV884018.1, OV884019.1 # new
  GCA_930367235.1 = list(
    OV884017.1 = c(67974787, 78686571),
    #OV884018.1 = c(28428892, 37337945),
    OV884018.1 = c(77252296, 86161349), # flipped
    #OV884019.1 = c(47545107, 61558400),
    OV884019.1 = c(39422116, 53435409), # flipped
    OV884020.1 = c(26220170, 32625096),
    #OV884021.1 = c(39135559, 45341197),
    OV884021.1 = c(41390503, 47596141), # flipped
    OV884022.1 = c(6526523, 7036407)
  ),
  
  # Stomorhina lunata
  # flipped: 1,3,4 > OW121744.1, OW121743.1, OW121740.1 # old
  # flipped: 2,3,4 > OW121742.1, OW121743.1, OW121740.1 # new
  GCA_933228675.1 = list(
    #OW121740.1 = c(63233460, 81743253),
    OW121740.1 = c(104861992, 123371785), # flipped
    OW121741.1 = c(48747413, 66764936),
    #OW121742.1 = c(81994587, 89102786),
    OW121742.1 = c(40507153, 47615352), # flipped
    #OW121743.1 = c(27113456, 32916334),
    OW121743.1 = c(96039638, 101842516), # flipped
    OW121744.1 = c(71038652, 77041917),
    OW121745.1 = c(100837, 1512542)
  )
)

